0 0.642212 0.842652 0.358916 0.292332
0 0.339729 0.903355 0.304740 0.190096
0 0.347630 0.351438 0.347630 0.255591
0 0.133183 0.220447 0.266366 0.214058
0 0.525959 0.194888 0.275395 0.185304
0 0.599323 0.542332 0.363431 0.260383
0 0.711061 0.268371 0.243792 0.220447
0 0.113995 0.457668 0.227991 0.209265
0 0.302483 0.557508 0.257336 0.162939
0 0.585779 0.353035 0.178330 0.140575
0 0.920993 0.234026 0.153499 0.119808
0 0.399549 0.065495 0.293454 0.130990
0 0.893905 0.876997 0.207675 0.185304
0 0.266366 0.099042 0.234763 0.150160
0 0.487585 0.353035 0.970655 0.693291
0 0.914221 0.387380 0.167043 0.196486
0 0.313770 0.200479 0.144470 0.078275