0 0.297000 0.331500 0.150000 0.147000
0 0.221500 0.494500 0.147000 0.143000
0 0.871500 0.400000 0.111000 0.152000
0 0.641500 0.424500 0.145000 0.145000
0 0.333500 0.631500 0.149000 0.149000
0 0.108000 0.559000 0.074000 0.102000
0 0.498500 0.650500 0.159000 0.157000
0 0.137000 0.681500 0.126000 0.125000
0 0.683500 0.610500 0.189000 0.193000
0 0.452000 0.476000 0.194000 0.194000
0 0.836000 0.549500 0.112000 0.115000
0 0.286000 0.741000 0.104000 0.056000
0 0.417500 0.732500 0.095000 0.071000
0 0.742500 0.314500 0.111000 0.121000
0 0.546000 0.319500 0.144000 0.149000
0 0.409000 0.266000 0.126000 0.070000
0 0.610500 0.743500 0.091000 0.051000