0 0.162692 0.449791 0.190000 0.257322
0 0.331154 0.452406 0.154615 0.222803
0 0.132308 0.195607 0.209231 0.261506
0 0.050769 0.387029 0.101538 0.269874
0 0.383077 0.793933 0.213846 0.215481
0 0.882692 0.710774 0.228462 0.291841
0 0.845385 0.463389 0.223077 0.228033
0 0.142308 0.787657 0.210769 0.232218
0 0.704231 0.603556 0.173077 0.198745
0 0.574231 0.157427 0.213077 0.275105
0 0.785769 0.822699 0.126923 0.162134
0 0.353846 0.222803 0.201538 0.255230
0 0.503846 0.451360 0.992308 0.898536
0 0.628846 0.781381 0.222308 0.240586
0 0.296923 0.060669 0.178462 0.119247
0 0.477308 0.617678 0.228462 0.304393